265120.33655946,3598613.4560053,-30000,24.5,32.5
272167.8269978,3598450.6105446,-30000,24.574992353535,32.5
279215.15130554,3598292.7339482,-30000,24.649984707071,32.5
286262.31461241,3598139.825323,-30000,24.724977060606,32.5
293309.32204914,3597991.8838046,-30000,24.799969414141,32.5
300356.17874714,3597848.9085564,-30000,24.874961767677,32.5
307402.88983824,3597710.8987698,-30000,24.949954121212,32.5
314449.46045516,3597577.8536646,-30000,25.024946474747,32.5
321495.89573128,3597449.7724886,-30000,25.099938828283,32.5
328542.20080028,3597326.6545176,-30000,25.174931181818,32.5
335588.38079679,3597208.4990556,-30000,25.249923535354,32.5
342634.44085566,3597095.3054346,-30000,25.324915888889,32.5
349680.3861125,3596987.0730147,-30000,25.399908242424,32.5
356726.22170347,3596883.801184,-30000,25.47490059596,32.5
363771.95276493,3596785.4893589,-30000,25.549892949495,32.5
370817.58443397,3596692.1369837,-30000,25.62488530303,32.5
377863.12184815,3596603.7435305,-30000,25.699877656566,32.5
384908.57014513,3596520.3084999,-30000,25.774870010101,32.5
391953.93446329,3596441.8314201,-30000,25.849862363636,32.5
398999.21994135,3596368.3118478,-30000,25.924854717172,32.5
406044.43171812,3596299.7493674,-30000,25.999847070707,32.5
413089.574933,3596236.1435913,-30000,26.074839424242,32.5
420134.65472573,3596177.4941601,-30000,26.149831777778,32.5
427179.676236,3596123.8007423,-30000,26.224824131313,32.5
434224.64460409,3596075.0630345,-30000,26.299816484848,32.5
441269.56497049,3596031.2807613,-30000,26.374808838384,32.5
448314.44247562,3595992.4536751,-30000,26.449801191919,32.5
455359.28226048,3595958.5815568,-30000,26.524793545455,32.5
462404.08946585,3595929.6642147,-30000,26.59978589899,32.5
469448.86923295,3595905.7014854,-30000,26.674778252525,32.5
476493.62670311,3595886.6932337,-30000,26.749770606061,32.5
483538.36701748,3595872.639352,-30000,26.824762959596,32.5
490583.09531757,3595863.5397609,-30000,26.899755313131,32.5
497627.81674494,3595859.3944091,-30000,26.974747666667,32.5
504672.5364409,3595860.203273,-30000,27.049740020202,32.5
511717.25954707,3595865.9663573,-30000,27.124732373737,32.5
518761.99120501,3595876.6836945,-30000,27.199724727273,32.5
525806.73655601,3595892.3553452,-30000,27.274717080808,32.5
532851.50074154,3595912.981398,-30000,27.349709434343,32.5
539896.28890301,3595938.5619694,-30000,27.424701787879,32.5
546941.10618143,3595969.0972039,-30000,27.499694141414,32.5
553985.95771798,3596004.5872741,-30000,27.574686494949,32.5
561030.84865366,3596045.0323806,-30000,27.649678848485,32.5
568075.78412904,3596090.432752,-30000,27.72467120202,32.5
575120.76928485,3596140.7886448,-30000,27.799663555556,32.5
582165.80926122,3596196.1003436,-30000,27.874655909091,32.5
589210.90919834,3596256.3681609,-30000,27.949648262626,32.5
596256.07423612,3596321.5924375,-30000,28.024640616162,32.5
603301.30951389,3596391.7735418,-30000,28.099632969697,32.5
610346.62017095,3596466.9118707,-30000,28.174625323232,32.5
617392.01134629,3596547.0078486,-30000,28.249617676768,32.5
624437.48817824,3596632.0619284,-30000,28.324610030303,32.5
631483.05580502,3596722.0745908,-30000,28.399602383838,32.5
638528.71936447,3596817.0463446,-30000,28.474594737374,32.5
645574.48399371,3596916.9777265,-30000,28.549587090909,32.5
652620.35482968,3597021.8693014,-30000,28.624579444444,32.5
659666.33700888,3597131.7216624,-30000,28.69957179798,32.5
666712.43566699,3597246.5354303,-30000,28.774564151515,32.5
673758.65593959,3597366.3112543,-30000,28.849556505051,32.5
680805.00296131,3597491.0498114,-30000,28.924548858586,32.5
687851.48186651,3597620.751807,-30000,28.999541212121,32.5
694898.09778897,3597755.4179742,-30000,29.074533565657,32.5
701944.85586157,3597895.0490745,-30000,29.149525919192,32.5
708991.76121684,3598039.6458974,-30000,29.224518272727,32.5
716038.81898666,3598189.2092606,-30000,29.299510626263,32.5
723086.03430194,3598343.7400096,-30000,29.374502979798,32.5
730133.41229318,3598503.2390185,-30000,29.449495333333,32.5
737180.95809014,3598667.7071893,-30000,29.524487686869,32.5
744228.67682158,3598837.1454519,-30000,29.599480040404,32.5
751276.57361574,3599011.5547649,-30000,29.674472393939,32.5
758324.65360009,3599190.9361146,-30000,29.749464747475,32.5
765372.92190099,3599375.2905157,-30000,29.82445710101,32.5
772421.38364425,3599564.6190109,-30000,29.899449454545,32.5
779470.04395481,3599758.9226715,-30000,29.974441808081,32.5
786518.90795646,3599958.2025964,-30000,30.049434161616,32.5
793567.98077244,3600162.4599133,-30000,30.124426515152,32.5
800617.2675247,3600371.6957778,-30000,30.199418868687,32.5
807666.7733345,3600585.9113738,-30000,30.274411222222,32.5
814716.50332215,3600805.1079135,-30000,30.349403575758,32.5
821766.46260665,3601029.2866373,-30000,30.424395929293,32.5
828816.65630629,3601258.4488139,-30000,30.499388282828,32.5
835867.08953829,3601492.5957403,-30000,30.574380636364,32.5
842917.76741855,3601731.7287418,-30000,30.649372989899,32.5
849968.69506212,3601975.8491721,-30000,30.724365343434,32.5
857019.87758297,3602224.9584131,-30000,30.79935769697,32.5
864071.32009365,3602479.057875,-30000,30.874350050505,32.5
871123.02770582,3602738.1489966,-30000,30.94934240404,32.5
878175.00552997,3603002.2332448,-30000,31.024334757576,32.5
885227.25867508,3603271.3121151,-30000,31.099327111111,32.5
892279.79224923,3603545.3871313,-30000,31.174319464646,32.5
899332.6113592,3603824.4598455,-30000,31.249311818182,32.5
906385.72111025,3604108.5318385,-30000,31.324304171717,32.5
913439.1266067,3604397.6047193,-30000,31.399296525253,32.5
920492.83295119,3604691.6801255,-30000,31.474288878788,32.5
927546.84524529,3604990.7597232,-30000,31.549281232323,32.5
934601.1685892,3605294.8452069,-30000,31.624273585859,32.5
941655.80808147,3605603.9382997,-30000,31.699265939394,32.5
948710.7688195,3605918.0407531,-30000,31.774258292929,32.5
955766.05589927,3606237.1543473,-30000,31.849250646465,32.5
962821.67441503,3606561.2808911,-30000,31.924243,32.5
265688.53080041,3622762.0535362,-30000,24.5,32.717755555556
272718.94316673,3622598.6347539,-30000,24.574992353535,32.717755555556
279749.19250921,3622440.2022679,-30000,24.649984707071,32.717755555556
286779.28386117,3622286.7551879,-30000,24.724977060606,32.717755555556
293809.22225699,3622138.2926518,-30000,24.799969414141,32.717755555556
300839.01273175,3621994.8138254,-30000,24.874961767677,32.717755555556
307868.66032095,3621856.3179027,-30000,24.949954121212,32.717755555556
314898.17006106,3621722.8041055,-30000,25.024946474747,32.717755555556
321927.54698919,3621594.2716837,-30000,25.099938828283,32.717755555556
328956.79614279,3621470.7199154,-30000,25.174931181818,32.717755555556
335985.9225603,3621352.1481065,-30000,25.249923535354,32.717755555556
343014.93128037,3621238.5555909,-30000,25.324915888889,32.717755555556
350043.82734247,3621129.9417306,-30000,25.399908242424,32.717755555556
357072.61578662,3621026.3059155,-30000,25.47490059596,32.717755555556
364101.30165305,3620927.6475635,-30000,25.549892949495,32.717755555556
371129.88998278,3620833.9661206,-30000,25.62488530303,32.717755555556
378158.38581725,3620745.2610605,-30000,25.699877656566,32.717755555556
385186.79419811,3620661.531885,-30000,25.774870010101,32.717755555556
392215.12016766,3620582.778124,-30000,25.849862363636,32.717755555556
399243.3687686,3620508.9993352,-30000,25.924854717172,32.717755555556
406271.54504373,3620440.1951041,-30000,25.999847070707,32.717755555556
413299.65403646,3620376.3650445,-30000,26.074839424242,32.717755555556
420327.70079052,3620317.5087979,-30000,26.149831777778,32.717755555556
427355.69034965,3620263.6260338,-30000,26.224824131313,32.717755555556
434383.62775815,3620214.7164496,-30000,26.299816484848,32.717755555556
441411.51806055,3620170.7797707,-30000,26.374808838384,32.717755555556
448439.36630134,3620131.8157503,-30000,26.449801191919,32.717755555556
455467.17752557,3620097.8241697,-30000,26.524793545455,32.717755555556
462494.9567781,3620068.804838,-30000,26.59978589899,32.717755555556
469522.70910422,3620044.7575922,-30000,26.674778252525,32.717755555556
476550.43954933,3620025.6822973,-30000,26.749770606061,32.717755555556
483578.15315868,3620011.5788463,-30000,26.824762959596,32.717755555556
490605.85497787,3620002.4471599,-30000,26.899755313131,32.717755555556
497633.55005254,3619998.2871868,-30000,26.974747666667,32.717755555556
504661.24342811,3619999.0989037,-30000,27.049740020202,32.717755555556
511688.94015025,3620004.8823152,-30000,27.124732373737,32.717755555556
518716.64526466,3620015.6374537,-30000,27.199724727273,32.717755555556
525744.36381668,3620031.3643795,-30000,27.274717080808,32.717755555556
532772.1008519,3620052.0631812,-30000,27.349709434343,32.717755555556
539799.86141579,3620077.7339747,-30000,27.424701787879,32.717755555556
546827.65055346,3620108.3769043,-30000,27.499694141414,32.717755555556
553855.47331014,3620143.9921421,-30000,27.574686494949,32.717755555556
560883.33473091,3620184.579888,-30000,27.649678848485,32.717755555556
567911.2398604,3620230.14037,-30000,27.72467120202,32.717755555556
574939.19374339,3620280.6738438,-30000,27.799663555556,32.717755555556
581967.20142406,3620336.1805933,-30000,27.874655909091,32.717755555556
588995.26794661,3620396.6609301,-30000,27.949648262626,32.717755555556
596023.39835499,3620462.1151939,-30000,28.024640616162,32.717755555556
603051.59769254,3620532.5437522,-30000,28.099632969697,32.717755555556
610079.87100255,3620607.9470006,-30000,28.174625323232,32.717755555556
617108.22332799,3620688.3253625,-30000,28.249617676768,32.717755555556
624136.65971115,3620773.6792893,-30000,28.324610030303,32.717755555556
631165.18519423,3620864.0092603,-30000,28.399602383838,32.717755555556
638193.80481897,3620959.3157829,-30000,28.474594737374,32.717755555556
645222.52362641,3621059.5993924,-30000,28.549587090909,32.717755555556
652251.34665741,3621164.860652,-30000,28.624579444444,32.717755555556
659280.27895233,3621275.100153,-30000,28.69957179798,32.717755555556
666309.32555071,3621390.3185145,-30000,28.774564151515,32.717755555556
673338.49149197,3621510.5163838,-30000,28.849556505051,32.717755555556
680367.78181454,3621635.694436,-30000,28.924548858586,32.717755555556
687397.20155658,3621765.8533743,-30000,28.999541212121,32.717755555556
694426.75575563,3621900.99393,-30000,29.074533565657,32.717755555556
701456.44944831,3622041.1168621,-30000,29.149525919192,32.717755555556
708486.28767086,3622186.2229581,-30000,29.224518272727,32.717755555556
715516.27545883,3622336.313033,-30000,29.299510626263,32.717755555556
722546.41784682,3622491.3879303,-30000,29.374502979798,32.717755555556
729576.71986892,3622651.4485212,-30000,29.449495333333,32.717755555556
736607.18655852,3622816.4957052,-30000,29.524487686869,32.717755555556
743637.82294792,3622986.5304097,-30000,29.599480040404,32.717755555556
750668.6340689,3623161.5535903,-30000,29.674472393939,32.717755555556
757699.62495243,3623341.5662305,-30000,29.749464747475,32.717755555556
764730.80062834,3623526.5693421,-30000,29.82445710101,32.717755555556
771762.16612587,3623716.563965,-30000,29.899449454545,32.717755555556
778793.72647335,3623911.5511669,-30000,29.974441808081,32.717755555556
785825.48669792,3624111.532044,-30000,30.049434161616,32.717755555556
792857.45182615,3624316.5077204,-30000,30.124426515152,32.717755555556
799889.62688327,3624526.4793485,-30000,30.199418868687,32.717755555556
806922.01689378,3624741.4481088,-30000,30.274411222222,32.717755555556
813954.62688118,3624961.4152098,-30000,30.349403575758,32.717755555556
820987.46186765,3625186.3818884,-30000,30.424395929293,32.717755555556
828020.52687457,3625416.3494097,-30000,30.499388282828,32.717755555556
835053.82692224,3625651.3190669,-30000,30.574380636364,32.717755555556
842087.36702958,3625891.2921814,-30000,30.649372989899,32.717755555556
849121.15221464,3626136.2701028,-30000,30.724365343434,32.717755555556
856155.18749431,3626386.2542091,-30000,30.79935769697,32.717755555556
863189.47788402,3626641.2459065,-30000,30.874350050505,32.717755555556
870224.02839828,3626901.2466294,-30000,30.94934240404,32.717755555556
877258.84405037,3627166.2578405,-30000,31.024334757576,32.717755555556
884293.929852,3627436.2810309,-30000,31.099327111111,32.717755555556
891329.29081394,3627711.3177199,-30000,31.174319464646,32.717755555556
898364.9319456,3627991.3694552,-30000,31.249311818182,32.717755555556
905400.85825483,3628276.4378128,-30000,31.324304171717,32.717755555556
912437.07474847,3628566.5243971,-30000,31.399296525253,32.717755555556
919473.58643162,3628861.6308407,-30000,31.474288878788,32.717755555556
926510.39830829,3629161.758805,-30000,31.549281232323,32.717755555556
933547.51538102,3629466.9099794,-30000,31.624273585859,32.717755555556
940584.94265067,3629777.0860819,-30000,31.699265939394,32.717755555556
947622.68511688,3630092.2888589,-30000,31.774258292929,32.717755555556
954660.74777781,3630412.5200853,-30000,31.849250646465,32.717755555556
961699.13562981,3630737.7815645,-30000,31.924243,32.717755555556
266260.11247693,3646911.3311101,-30000,24.5,32.935511111111
273273.34517493,3646747.348439,-30000,24.574992353535,32.935511111111
280286.41795431,3646588.3692079,-30000,24.649984707071,32.935511111111
287299.33575206,3646434.3925292,-30000,24.724977060606,32.935511111111
294312.10350624,3646285.4175433,-30000,24.799969414141,32.935511111111
301324.72615565,3646141.4434186,-30000,24.874961767677,32.935511111111
308337.20863953,3646002.4693513,-30000,24.949954121212,32.935511111111
315349.55589812,3645868.4945659,-30000,25.024946474747,32.935511111111
322361.77287232,3645739.5183143,-30000,25.099938828283,32.935511111111
329373.86450343,3645615.5398769,-30000,25.174931181818,32.935511111111
336385.83573371,3645496.5585615,-30000,25.249923535354,32.935511111111
343397.69150568,3645382.5737043,-30000,25.324915888889,32.935511111111
350409.43676271,3645273.584669,-30000,25.399908242424,32.935511111111
357421.07644873,3645169.5908474,-30000,25.47490059596,32.935511111111
364432.61550789,3645070.5916591,-30000,25.549892949495,32.935511111111
371444.05888517,3644976.5865518,-30000,25.62488530303,32.935511111111
378455.411526,3644887.5750008,-30000,25.699877656566,32.935511111111
385466.67837597,3644803.5565095,-30000,25.774870010101,32.935511111111
392477.86438142,3644724.5306089,-30000,25.849862363636,32.935511111111
399488.97448906,3644650.4968583,-30000,25.924854717172,32.935511111111
406500.01364571,3644581.4548444,-30000,25.999847070707,32.935511111111
413510.98679884,3644517.4041822,-30000,26.074839424242,32.935511111111
420521.89889624,3644458.3445141,-30000,26.149831777778,32.935511111111
427532.75488571,3644404.2755106,-30000,26.224824131313,32.935511111111
434543.55971563,3644355.1968702,-30000,26.299816484848,32.935511111111
441554.31833464,3644311.108319,-30000,26.374808838384,32.935511111111
448565.03569131,3644272.009611,-30000,26.449801191919,32.935511111111
455575.71673481,3644237.900528,-30000,26.524793545455,32.935511111111
462586.3664141,3644208.7808798,-30000,26.59978589899,32.935511111111
469596.98967861,3644184.650504,-30000,26.674778252525,32.935511111111
476607.59147785,3644165.5092658,-30000,26.749770606061,32.935511111111
483618.17676122,3644151.3570586,-30000,26.824762959596,32.935511111111
490628.75047842,3644142.1938033,-30000,26.899755313131,32.935511111111
497639.31757925,3644138.0194488,-30000,26.974747666667,32.935511111111
504649.88301326,3644138.8339719,-30000,27.049740020202,32.935511111111
511660.45173026,3644144.6373771,-30000,27.124732373737,32.935511111111
518671.02868008,3644155.4296968,-30000,27.199724727273,32.935511111111
525681.61881221,3644171.2109911,-30000,27.274717080808,32.935511111111
532692.22707634,3644191.9813481,-30000,27.349709434343,32.935511111111
539702.8584221,3644217.7408838,-30000,27.424701787879,32.935511111111
546713.51779871,3644248.4897417,-30000,27.499694141414,32.935511111111
553724.21015552,3644284.2280935,-30000,27.574686494949,32.935511111111
560734.94044173,3644324.9561386,-30000,27.649678848485,32.935511111111
567745.71360606,3644370.6741041,-30000,27.72467120202,32.935511111111
574756.53459739,3644421.3822451,-30000,27.799663555556,32.935511111111
581767.408364,3644477.0808446,-30000,27.874655909091,32.935511111111
588778.33985417,3644537.7702133,-30000,27.949648262626,32.935511111111
595789.3340159,3644603.4506899,-30000,28.024640616162,32.935511111111
602800.39579659,3644674.1226407,-30000,28.099632969697,32.935511111111
609811.53014358,3644749.7864601,-30000,28.174625323232,32.935511111111
616822.74200387,3644830.4425703,-30000,28.249617676768,32.935511111111
623834.03632375,3644916.0914214,-30000,28.324610030303,32.935511111111
630845.41804942,3645006.7334913,-30000,28.399602383838,32.935511111111
637856.89212661,3645102.3692857,-30000,28.474594737374,32.935511111111
644868.46350032,3645202.9993383,-30000,28.549587090909,32.935511111111
651880.13711536,3645308.6242108,-30000,28.624579444444,32.935511111111
658891.91791599,3645419.2444925,-30000,28.69957179798,32.935511111111
665903.81084569,3645534.8608008,-30000,28.774564151515,32.935511111111
672915.82084773,3645655.4737809,-30000,28.849556505051,32.935511111111
679927.95286444,3645781.0841061,-30000,28.924548858586,32.935511111111
686940.21183778,3645911.6924773,-30000,28.999541212121,32.935511111111
693952.60270913,3646047.2996236,-30000,29.074533565657,32.935511111111
700965.13041888,3646187.9063019,-30000,29.149525919192,32.935511111111
707977.79990704,3646333.513297,-30000,29.224518272727,32.935511111111
714990.61611291,3646484.1214218,-30000,29.299510626263,32.935511111111
722003.58397476,3646639.731517,-30000,29.374502979798,32.935511111111
729016.7084304,3646800.3444513,-30000,29.449495333333,32.935511111111
736029.99441684,3646965.9611214,-30000,29.524487686869,32.935511111111
743043.44687,3647136.582452,-30000,29.599480040404,32.935511111111
750057.07072527,3647312.2093957,-30000,29.674472393939,32.935511111111
757070.87091715,3647492.8429331,-30000,29.749464747475,32.935511111111
764084.85237899,3647678.484073,-30000,29.82445710101,32.935511111111
771099.02004351,3647869.1338519,-30000,29.899449454545,32.935511111111
778113.37884251,3648064.7933346,-30000,29.974441808081,32.935511111111
785127.93370654,3648265.4636138,-30000,30.049434161616,32.935511111111
792142.68956553,3648471.1458102,-30000,30.124426515152,32.935511111111
799157.65134805,3648681.8410727,-30000,30.199418868687,32.935511111111
806172.8239819,3648897.5505781,-30000,30.274411222222,32.935511111111
813188.21239385,3649118.2755316,-30000,30.349403575758,32.935511111111
820203.82150927,3649344.017166,-30000,30.424395929293,32.935511111111
827219.65625273,3649574.7767427,-30000,30.499388282828,32.935511111111
834235.72154766,3649810.5555508,-30000,30.574380636364,32.935511111111
841252.02231607,3650051.3549078,-30000,30.649372989899,32.935511111111
848268.56347904,3650297.1761592,-30000,30.724365343434,32.935511111111
855285.34995647,3650548.0206789,-30000,30.79935769697,32.935511111111
862302.38666673,3650803.8898685,-30000,30.874350050505,32.935511111111
869319.67852723,3651064.7851583,-30000,30.94934240404,32.935511111111
876337.2304541,3651330.7080064,-30000,31.024334757576,32.935511111111
883355.04736187,3651601.6598994,-30000,31.099327111111,32.935511111111
890373.13416404,3651877.6423518,-30000,31.174319464646,32.935511111111
897391.49577273,3652158.6569067,-30000,31.249311818182,32.935511111111
904410.13709844,3652444.7051353,-30000,31.324304171717,32.935511111111
911429.0630506,3652735.7886369,-30000,31.399296525253,32.935511111111
918448.27853685,3653031.9090393,-30000,31.474288878788,32.935511111111
925467.78846368,3653333.0679986,-30000,31.549281232323,32.935511111111
932487.59773608,3653639.2671991,-30000,31.624273585859,32.935511111111
939507.71125725,3653950.5083534,-30000,31.699265939394,32.935511111111
946528.13392916,3654266.7932027,-30000,31.774258292929,32.935511111111
953548.87065221,3654588.1235164,-30000,31.849250646465,32.935511111111
960569.92632497,3654914.5010921,-30000,31.924243,32.935511111111
266835.07357909,3671061.2911138,-30000,24.5,33.153266666667
273831.02525655,3670896.7540197,-30000,24.574992353535,33.153266666667
280826.82011874,3670737.2372197,-30000,24.649984707071,33.153266666667
287822.46300637,3670582.7398291,-30000,24.724977060606,33.153266666667
294817.95876125,3670433.260991,-30000,24.799969414141,33.153266666667
301813.31222595,3670288.7998764,-30000,24.874961767677,33.153266666667
308808.52824353,3670149.3556841,-30000,24.949954121212,33.153266666667
315803.61165805,3670014.9276409,-30000,25.024946474747,33.153266666667
322798.56731428,3669885.5150012,-30000,25.099938828283,33.153266666667
329793.40005738,3669761.1170476,-30000,25.174931181818,33.153266666667
336788.11473354,3669641.7330901,-30000,25.249923535354,33.153266666667
343782.7161892,3669527.3624669,-30000,25.324915888889,33.153266666667
350777.20927168,3669418.0045437,-30000,25.399908242424,33.153266666667
357771.59882887,3669313.6587144,-30000,25.47490059596,33.153266666667
364765.88970893,3669214.3244003,-30000,25.549892949495,33.153266666667
371760.08676082,3669120.0010507,-30000,25.62488530303,33.153266666667
378754.19483402,3669030.6881427,-30000,25.699877656566,33.153266666667
385748.21877817,3668946.3851812,-30000,25.774870010101,33.153266666667
392742.16344365,3668867.0916989,-30000,25.849862363636,33.153266666667
399736.03368126,3668792.807256,-30000,25.924854717172,33.153266666667
406729.83434191,3668723.5314409,-30000,25.999847070707,33.153266666667
413723.57027716,3668659.2638696,-30000,26.074839424242,33.153266666667
420717.24633893,3668600.0041857,-30000,26.149831777778,33.153266666667
427710.86737914,3668545.7520608,-30000,26.224824131313,33.153266666667
434704.43825031,3668496.5071942,-30000,26.299816484848,33.153266666667
441697.96380522,3668452.2693129,-30000,26.374808838384,33.153266666667
448691.44889661,3668413.0381717,-30000,26.449801191919,33.153266666667
455684.8983778,3668378.8135532,-30000,26.524793545455,33.153266666667
462678.31710194,3668349.5952676,-30000,26.59978589899,33.153266666667
469671.70992261,3668325.383153,-30000,26.674778252525,33.153266666667
476665.08169353,3668306.1770752,-30000,26.749770606061,33.153266666667
483658.43726825,3668291.9769277,-30000,26.824762959596,33.153266666667
490651.78150069,3668282.7826319,-30000,26.899755313131,33.153266666667
497645.11924483,3668278.5941367,-30000,26.974747666667,33.153266666667
504638.45535441,3668279.411419,-30000,27.049740020202,33.153266666667
511631.79468344,3668285.2344833,-30000,27.124732373737,33.153266666667
518625.14208593,3668296.0633619,-30000,27.199724727273,33.153266666667
525618.50241556,3668311.8981147,-30000,27.274717080808,33.153266666667
532611.88052622,3668332.7388296,-30000,27.349709434343,33.153266666667
539605.28127172,3668358.5856221,-30000,27.424701787879,33.153266666667
546598.70950544,3668389.4386354,-30000,27.499694141414,33.153266666667
553592.17008094,3668425.2980405,-30000,27.574686494949,33.153266666667
560585.66785156,3668466.1640362,-30000,27.649678848485,33.153266666667
567579.2076702,3668512.0368491,-30000,27.72467120202,33.153266666667
574572.79438989,3668562.9167333,-30000,27.799663555556,33.153266666667
581566.43286304,3668618.803971,-30000,27.874655909091,33.153266666667
588560.12794207,3668679.6988719,-30000,27.949648262626,33.153266666667
595553.88447911,3668745.6017735,-30000,28.024640616162,33.153266666667
602547.70732567,3668816.5130412,-30000,28.099632969697,33.153266666667
609541.6013332,3668892.433068,-30000,28.174625323232,33.153266666667
616535.57135275,3668973.3622749,-30000,28.249617676768,33.153266666667
623529.62223472,3669059.3011105,-30000,28.324610030303,33.153266666667
630523.75882935,3669150.2500511,-30000,28.399602383838,33.153266666667
637517.9859864,3669246.2096011,-30000,28.474594737374,33.153266666667
644512.30855491,3669347.1802923,-30000,28.549587090909,33.153266666667
651506.73138367,3669453.1626847,-30000,28.624579444444,33.153266666667
658501.25932095,3669564.1573657,-30000,28.69957179798,33.153266666667
665495.89721417,3669680.1649509,-30000,28.774564151515,33.153266666667
672490.64991057,3669801.1860834,-30000,28.849556505051,33.153266666667
679485.52225636,3669927.2214343,-30000,28.924548858586,33.153266666667
686480.51909745,3670058.2717024,-30000,28.999541212121,33.153266666667
693475.64527904,3670194.3376145,-30000,29.074533565657,33.153266666667
700470.90564541,3670335.419925,-30000,29.149525919192,33.153266666667
707466.30504038,3670481.5194165,-30000,29.224518272727,33.153266666667
714461.84830704,3670632.636899,-30000,29.299510626263,33.153266666667
721457.54028744,3670788.7732108,-30000,29.374502979798,33.153266666667
728453.38582312,3670949.9292178,-30000,29.449495333333,33.153266666667
735449.38975481,3671116.1058139,-30000,29.524487686869,33.153266666667
742445.55692211,3671287.3039208,-30000,29.599480040404,33.153266666667
749441.89216405,3671463.5244882,-30000,29.674472393939,33.153266666667
756438.40031876,3671644.7684935,-30000,29.749464747475,33.153266666667
763435.08622317,3671831.0369423,-30000,29.82445710101,33.153266666667
770431.95471355,3672022.330868,-30000,29.899449454545,33.153266666667
777429.01062521,3672218.6513319,-30000,29.974441808081,33.153266666667
784426.25879217,3672419.9994232,-30000,30.049434161616,33.153266666667
791423.70404783,3672626.3762592,-30000,30.124426515152,33.153266666667
798421.35122415,3672837.782985,-30000,30.199418868687,33.153266666667
805419.20515229,3673054.2207739,-30000,30.274411222222,33.153266666667
812417.27066235,3673275.690827,-30000,30.349403575758,33.153266666667
819415.55258299,3673502.1943734,-30000,30.424395929293,33.153266666667
826414.05574202,3673733.7326703,-30000,30.499388282828,33.153266666667
833412.78496607,3673970.3070029,-30000,30.574380636364,33.153266666667
840411.7450803,3674211.9186844,-30000,30.649372989899,33.153266666667
847410.94090893,3674458.5690562,-30000,30.724365343434,33.153266666667
854410.37727489,3674710.2594875,-30000,30.79935769697,33.153266666667
861410.05899961,3674966.9913757,-30000,30.874350050505,33.153266666667
868409.99090345,3675228.7661464,-30000,30.94934240404,33.153266666667
875410.17780548,3675495.5852531,-30000,31.024334757576,33.153266666667
882410.6245231,3675767.4501777,-30000,31.099327111111,33.153266666667
889411.33587263,3676044.3624298,-30000,31.174319464646,33.153266666667
896412.31666899,3676326.3235476,-30000,31.249311818182,33.153266666667
903413.57172539,3676613.3350972,-30000,31.324304171717,33.153266666667
910415.10585393,3676905.3986728,-30000,31.399296525253,33.153266666667
917416.9238649,3677202.5158971,-30000,31.474288878788,33.153266666667
924419.03056731,3677504.6884207,-30000,31.549281232323,33.153266666667
931421.43076867,3677811.9179226,-30000,31.624273585859,33.153266666667
938424.12927465,3678124.20611,-30000,31.699265939394,33.153266666667
945427.13088961,3678441.5547183,-30000,31.774258292929,33.153266666667
952430.44041629,3678763.9655112,-30000,31.849250646465,33.153266666667
959434.06265552,3679091.4402807,-30000,31.924243,33.153266666667
267413.40604775,3695211.9358948,-30000,24.5,33.371022222222
274391.97559801,3695046.8538754,-30000,24.574992353535,33.371022222222
281370.39143411,3694886.8087139,-30000,24.649984707071,33.371022222222
288348.65830058,3694731.7995285,-30000,24.724977060606,33.371022222222
295326.78094303,3694581.825465,-30000,24.799969414141,33.371022222222
302304.7641079,3694436.8856973,-30000,24.874961767677,33.371022222222
309282.61254212,3694296.9794267,-30000,24.949954121212,33.371022222222
316260.33099366,3694162.1058826,-30000,25.024946474747,33.371022222222
323237.9242112,3694032.2643219,-30000,25.099938828283,33.371022222222
330215.39694388,3693907.4540294,-30000,25.174931181818,33.371022222222
337192.75394184,3693787.6743174,-30000,25.249923535354,33.371022222222
344169.99995553,3693672.9245264,-30000,25.324915888889,33.371022222222
351147.13973629,3693563.2040241,-30000,25.399908242424,33.371022222222
358124.17803604,3693458.5122062,-30000,25.47490059596,33.371022222222
365101.11960702,3693358.8484961,-30000,25.549892949495,33.371022222222
372077.96920227,3693264.212345,-30000,25.62488530303,33.371022222222
379054.73157534,3693174.6032314,-30000,25.699877656566,33.371022222222
386031.41148,3693090.0206621,-30000,25.774870010101,33.371022222222
393008.01367076,3693010.464171,-30000,25.849862363636,33.371022222222
399984.54290255,3692935.9333201,-30000,25.924854717172,33.371022222222
406961.00393046,3692866.427699,-30000,25.999847070707,33.371022222222
413937.4015102,3692801.9469249,-30000,26.074839424242,33.371022222222
420913.74039788,3692742.4906426,-30000,26.149831777778,33.371022222222
427890.02534962,3692688.0585248,-30000,26.224824131313,33.371022222222
434866.26112215,3692638.6502717,-30000,26.299816484848,33.371022222222
441842.45247244,3692594.2656113,-30000,26.374808838384,33.371022222222
448818.60415748,3692554.9042991,-30000,26.449801191919,33.371022222222
455794.72093481,3692520.5661184,-30000,26.524793545455,33.371022222222
462770.80756181,3692491.2508801,-30000,26.59978589899,33.371022222222
469746.8687963,3692466.9584229,-30000,26.674778252525,33.371022222222
476722.90939627,3692447.6886128,-30000,26.749770606061,33.371022222222
483698.9341195,3692433.4413439,-30000,26.824762959596,33.371022222222
490674.94772419,3692424.2165377,-30000,26.899755313131,33.371022222222
497650.95496855,3692420.0141434,-30000,26.974747666667,33.371022222222
504626.96061058,3692420.8341378,-30000,27.049740020202,33.371022222222
511602.96940857,3692426.6765254,-30000,27.124732373737,33.371022222222
518578.98612077,3692437.5413385,-30000,27.199724727273,33.371022222222
525555.01550512,3692453.4286368,-30000,27.274717080808,33.371022222222
532531.06231978,3692474.3385079,-30000,27.349709434343,33.371022222222
539507.13132278,3692500.2710668,-30000,27.424701787879,33.371022222222
546483.22727178,3692531.2264564,-30000,27.499694141414,33.371022222222
553459.35492455,3692567.2048472,-30000,27.574686494949,33.371022222222
560435.51903869,3692608.2064371,-30000,27.649678848485,33.371022222222
567411.72437132,3692654.2314521,-30000,27.72467120202,33.371022222222
574387.97567967,3692705.2801455,-30000,27.799663555556,33.371022222222
581364.2777204,3692761.3527985,-30000,27.874655909091,33.371022222222
588340.63525011,3692822.4497198,-30000,27.949648262626,33.371022222222
595317.05302511,3692888.5712459,-30000,28.024640616162,33.371022222222
602293.53580111,3692959.7177409,-30000,28.099632969697,33.371022222222
609270.08833371,3693035.8895967,-30000,28.174625323232,33.371022222222
616246.71537813,3693117.0872326,-30000,28.249617676768,33.371022222222
623223.42168889,3693203.311096,-30000,28.324610030303,33.371022222222
630200.21202036,3693294.5616616,-30000,28.399602383838,33.371022222222
637177.09112643,3693390.839432,-30000,28.474594737374,33.371022222222
644154.0637602,3693492.1449374,-30000,28.549587090909,33.371022222222
651131.13467455,3693598.478736,-30000,28.624579444444,33.371022222222
658108.30862179,3693709.8414132,-30000,28.69957179798,33.371022222222
665085.59035339,3693826.2335826,-30000,28.774564151515,33.371022222222
672062.98462059,3693947.6558852,-30000,28.849556505051,33.371022222222
679040.4961736,3694074.1089899,-30000,28.924548858586,33.371022222222
686018.12976229,3694205.5935932,-30000,28.999541212121,33.371022222222
692995.89013581,3694342.1104196,-30000,29.074533565657,33.371022222222
699973.78204236,3694483.660221,-30000,29.149525919192,33.371022222222
706951.81022966,3694630.2437772,-30000,29.224518272727,33.371022222222
713929.97944466,3694781.861896,-30000,29.299510626263,33.371022222222
720908.29443326,3694938.5154125,-30000,29.374502979798,33.371022222222
727886.75994081,3695100.2051901,-30000,29.449495333333,33.371022222222
734865.38071183,3695266.9321195,-30000,29.524487686869,33.371022222222
741844.16148967,3695438.6971195,-30000,29.599480040404,33.371022222222
748823.10701708,3695615.5011367,-30000,29.674472393939,33.371022222222
755802.22203588,3695797.3451453,-30000,29.749464747475,33.371022222222
762781.51128668,3695984.2301475,-30000,29.82445710101,33.371022222222
769760.97950936,3696176.1571733,-30000,29.899449454545,33.371022222222
776740.63144282,3696373.1272805,-30000,29.974441808081,33.371022222222
783720.47182466,3696575.1415548,-30000,30.049434161616,33.371022222222
790700.50539176,3696782.2011098,-30000,30.124426515152,33.371022222222
797680.73687959,3696994.3070868,-30000,30.199418868687,33.371022222222
804661.17102275,3697211.4606552,-30000,30.274411222222,33.371022222222
811641.81255474,3697433.6630121,-30000,30.349403575758,33.371022222222
818622.66620759,3697660.9153827,-30000,30.424395929293,33.371022222222
825603.73671243,3697893.2190198,-30000,30.499388282828,33.371022222222
832585.02879919,3698130.5752046,-30000,30.574380636364,33.371022222222
839566.54719625,3698372.9852458,-30000,30.649372989899,33.371022222222
846548.29663102,3698620.4504802,-30000,30.724365343434,33.371022222222
853530.28182961,3698872.9722728,-30000,30.79935769697,33.371022222222
860512.50751654,3699130.5520162,-30000,30.874350050505,33.371022222222
867494.97841523,3699393.1911313,-30000,30.94934240404,33.371022222222
874477.69924775,3699660.8910667,-30000,31.024334757576,33.371022222222
881460.67473449,3699933.6532993,-30000,31.099327111111,33.371022222222
888443.90959467,3700211.4793339,-30000,31.174319464646,33.371022222222
895427.40854609,3700494.3707034,-30000,31.249311818182,33.371022222222
902411.17630474,3700782.3289688,-30000,31.324304171717,33.371022222222
909395.21758552,3701075.3557189,-30000,31.399296525253,33.371022222222
916379.5371014,3701373.452571,-30000,31.474288878788,33.371022222222
923364.13956408,3701676.6211702,-30000,31.549281232323,33.371022222222
930349.02968364,3701984.8631898,-30000,31.624273585859,33.371022222222
937334.21216831,3702298.1803314,-30000,31.699265939394,33.371022222222
944319.69172492,3702616.5743245,-30000,31.774258292929,33.371022222222
951305.47305867,3702940.0469269,-30000,31.849250646465,33.371022222222
958291.56087275,3703268.5999247,-30000,31.924243,33.371022222222
267995.10177465,3719363.2677621,-30000,24.5,33.588777777778
274956.18833805,3719197.6503467,-30000,24.574992353535,33.588777777778
281917.12428586,3719037.0860617,-30000,24.649984707071,33.588777777778
288877.91426646,3718881.5740281,-30000,24.724977060606,33.588777777778
295838.56292938,3718731.113395,-30000,24.799969414141,33.588777777778
302799.07492498,3718585.7033386,-30000,24.874961767677,33.588777777778
309759.45490417,3718445.3430634,-30000,24.949954121212,33.588777777778
316719.7075189,3718310.0318011,-30000,25.024946474747,33.588777777778
323679.83742187,3718179.7688113,-30000,25.099938828283,33.588777777778
330639.84926622,3718054.5533812,-30000,25.174931181818,33.588777777778
337599.74770619,3717934.3848255,-30000,25.249923535354,33.588777777778
344559.53739629,3717819.2624867,-30000,25.324915888889,33.588777777778
351519.22299196,3717709.185735,-30000,25.399908242424,33.588777777778
358478.80914925,3717604.153968,-30000,25.47490059596,33.588777777778
365438.30052453,3717504.166611,-30000,25.549892949495,33.588777777778
372397.70177499,3717409.223117,-30000,25.62488530303,33.588777777778
379357.01755838,3717319.3229666,-30000,25.699877656566,33.588777777778
386316.25253264,3717234.4656679,-30000,25.774870010101,33.588777777778
393275.4113565,3717154.6507567,-30000,25.849862363636,33.588777777778
400234.49868911,3717079.8777963,-30000,25.924854717172,33.588777777778
407193.51918979,3717010.1463778,-30000,25.999847070707,33.588777777778
414152.47751853,3716945.4561195,-30000,26.074839424242,33.588777777778
421111.37833565,3716885.8066676,-30000,26.149831777778,33.588777777778
428070.22630158,3716831.1976959,-30000,26.224824131313,33.588777777778
435029.02607732,3716781.6289056,-30000,26.299816484848,33.588777777778
441987.78232414,3716737.1000255,-30000,26.374808838384,33.588777777778
448946.49970331,3716697.6108121,-30000,26.449801191919,33.588777777778
455905.1828767,3716663.1610493,-30000,26.524793545455,33.588777777778
462863.836506,3716633.7505488,-30000,26.59978589899,33.588777777778
469822.46525336,3716609.3791497,-30000,26.674778252525,33.588777777778
476781.07378106,3716590.0467185,-30000,26.749770606061,33.588777777778
483739.66675125,3716575.7531497,-30000,26.824762959596,33.588777777778
490698.24882643,3716566.498365,-30000,26.899755313131,33.588777777778
497656.82466916,3716562.2823138,-30000,26.974747666667,33.588777777778
504615.39894178,3716563.104973,-30000,27.049740020202,33.588777777778
511573.97630691,3716568.9663471,-30000,27.124732373737,33.588777777778
518532.56142713,3716579.8664682,-30000,27.199724727273,33.588777777778
525491.15896472,3716595.805396,-30000,27.274717080808,33.588777777778
532449.77358216,3716616.7832175,-30000,27.349709434343,33.588777777778
539408.40994182,3716642.8000476,-30000,27.424701787879,33.588777777778
546367.07270569,3716673.8560285,-30000,27.499694141414,33.588777777778
553325.76653584,3716709.9513301,-30000,27.574686494949,33.588777777778
560284.49609419,3716751.0861499,-30000,27.649678848485,33.588777777778
567243.26604216,3716797.2607129,-30000,27.72467120202,33.588777777778
574202.0810413,3716848.4752717,-30000,27.799663555556,33.588777777778
581160.94575253,3716904.7301064,-30000,27.874655909091,33.588777777778
588119.86483675,3716966.0255247,-30000,27.949648262626,33.588777777778
595078.84295454,3717032.3618619,-30000,28.024640616162,33.588777777778
602037.88476585,3717103.739481,-30000,28.099632969697,33.588777777778
608996.99493054,3717180.1587724,-30000,28.174625323232,33.588777777778
615956.17810805,3717261.6201542,-30000,28.249617676768,33.588777777778
622915.43895714,3717348.1240721,-30000,28.324610030303,33.588777777778
629874.78213636,3717439.6709992,-30000,28.399602383838,33.588777777778
636834.21230379,3717536.2614365,-30000,28.474594737374,33.588777777778
643793.73411671,3717637.8959123,-30000,28.549587090909,33.588777777778
650753.35223214,3717744.5749828,-30000,28.624579444444,33.588777777778
657713.07130654,3717856.2992317,-30000,28.69957179798,33.588777777778
664672.89599548,3717973.0692703,-30000,28.774564151515,33.588777777778
671632.8309543,3718094.8857374,-30000,28.849556505051,33.588777777778
678592.88083728,3718221.7492997,-30000,28.924548858586,33.588777777778
685553.05029834,3718353.6606514,-30000,28.999541212121,33.588777777778
692513.34399068,3718490.6205143,-30000,29.074533565657,33.588777777778
699473.76656646,3718632.629638,-30000,29.149525919192,33.588777777778
706434.3226774,3718779.6887995,-30000,29.224518272727,33.588777777778
713395.01697442,3718931.7988038,-30000,29.299510626263,33.588777777778
720355.85410731,3719088.9604833,-30000,29.374502979798,33.588777777778
727316.83872535,3719251.1746982,-30000,29.449495333333,33.588777777778
734277.9754769,3719418.4423364,-30000,29.524487686869,33.588777777778
741239.26900917,3719590.7643135,-30000,29.599480040404,33.588777777778
748200.72396872,3719768.1415728,-30000,29.674472393939,33.588777777778
755162.34500115,3719950.5750852,-30000,29.749464747475,33.588777777778
762124.13675079,3720138.0658495,-30000,29.82445710101,33.588777777778
769086.10386127,3720330.6148921,-30000,29.899449454545,33.588777777778
776048.25097514,3720528.2232673,-30000,29.974441808081,33.588777777778
783010.58273366,3720730.892057,-30000,30.049434161616,33.588777777778
789973.10377732,3720938.6223709,-30000,30.124426515152,33.588777777778
796935.81874514,3721151.4153465,-30000,30.199418868687,33.588777777778
803898.73227529,3721369.2721491,-30000,30.274411222222,33.588777777778
810861.84900473,3721592.1939718,-30000,30.349403575758,33.588777777778
817825.17356897,3721820.1820354,-30000,30.424395929293,33.588777777778
824788.71060256,3722053.2375886,-30000,30.499388282828,33.588777777778
831752.46473878,3722291.361908,-30000,30.574380636364,33.588777777778
838716.44060936,3722534.556298,-30000,30.649372989899,33.588777777778
845680.642845,3722782.8220907,-30000,30.724365343434,33.588777777778
852645.07607506,3723036.1606463,-30000,30.79935769697,33.588777777778
859609.74492724,3723294.5733526,-30000,30.874350050505,33.588777777778
866574.65402814,3723558.0616257,-30000,30.94934240404,33.588777777778
873539.80800293,3723826.6269092,-30000,31.024334757576,33.588777777778
880505.21147506,3724100.2706748,-30000,31.099327111111,33.588777777778
887470.86906677,3724378.9944221,-30000,31.174319464646,33.588777777778
894436.7853988,3724662.7996788,-30000,31.249311818182,33.588777777778
901402.96509009,3724951.6880003,-30000,31.324304171717,33.588777777778
908369.41275838,3725245.6609701,-30000,31.399296525253,33.588777777778
915336.13301946,3725544.7201996,-30000,31.474288878788,33.588777777778
922303.13048777,3725848.8673285,-30000,31.549281232323,33.588777777778
929270.40977612,3726158.1040242,-30000,31.624273585859,33.588777777778
936237.97549537,3726472.4319822,-30000,31.699265939394,33.588777777778
943205.83225497,3726791.8529261,-30000,31.774258292929,33.588777777778
950173.98466261,3727116.3686077,-30000,31.849250646465,33.588777777778
957142.43732401,3727445.9808066,-30000,31.924243,33.588777777778
268580.15260247,3743515.2889846,-30000,24.5,33.806533333333
275523.65556786,3743349.1457337,-30000,24.574992353535,33.806533333333
282467.01101328,3743188.0715933,-30000,24.649984707071,33.806533333333
289410.22349111,3743032.0656876,-30000,24.724977060606,33.806533333333
296353.29755486,3742881.1271685,-30000,24.799969414141,33.806533333333
303296.23775894,3742735.2552154,-30000,24.874961767677,33.806533333333
310239.04865829,3742594.4490355,-30000,24.949954121212,33.806533333333
317181.73480895,3742458.7078632,-30000,25.024946474747,33.806533333333
324124.30076773,3742328.0309608,-30000,25.099938828283,33.806533333333
331066.7510919,3742202.4176178,-30000,25.174931181818,33.806533333333
338009.09033983,3742081.8671517,-30000,25.249923535354,33.806533333333
344951.32307022,3741966.378907,-30000,25.324915888889,33.806533333333
351893.45384269,3741855.9522563,-30000,25.399908242424,33.806533333333
358835.48721751,3741750.5865992,-30000,25.47490059596,33.806533333333
365777.42775528,3741650.2813633,-30000,25.549892949495,33.806533333333
372719.28001744,3741555.0360032,-30000,25.62488530303,33.806533333333
379661.04856599,3741464.8500015,-30000,25.699877656566,33.806533333333
386602.73796318,3741379.7228681,-30000,25.774870010101,33.806533333333
393544.35277202,3741299.6541403,-30000,25.849862363636,33.806533333333
400485.89755598,3741224.643383,-30000,25.924854717172,33.806533333333
407427.3768787,3741154.6901887,-30000,25.999847070707,33.806533333333
414368.7953045,3741089.7941771,-30000,26.074839424242,33.806533333333
421310.15739807,3741029.9549958,-30000,26.149831777778,33.806533333333
428251.46772419,3740975.1723194,-30000,26.224824131313,33.806533333333
435192.73084822,3740925.4458504,-30000,26.299816484848,33.806533333333
442133.95133584,3740880.7753186,-30000,26.374808838384,33.806533333333
449075.13375269,3740841.1604812,-30000,26.449801191919,33.806533333333
456016.28266504,3740806.601123,-30000,26.524793545455,33.806533333333
462957.40263897,3740777.0970562,-30000,26.59978589899,33.806533333333
469898.49824105,3740752.6481205,-30000,26.674778252525,33.806533333333
476839.57403798,3740733.2541831,-30000,26.749770606061,33.806533333333
483780.63459631,3740718.9151386,-30000,26.824762959596,33.806533333333
490721.68448297,3740709.630909,-30000,26.899755313131,33.806533333333
497662.72826495,3740705.401444,-30000,26.974747666667,33.806533333333
504603.770509,3740706.2267206,-30000,27.049740020202,33.806533333333
511544.81578216,3740712.1067432,-30000,27.124732373737,33.806533333333
518485.86865144,3740723.0415439,-30000,27.199724727273,33.806533333333
525426.93368355,3740739.0311819,-30000,27.274717080808,33.806533333333
532368.01544537,3740760.0757442,-30000,27.349709434343,33.806533333333
539309.11850371,3740786.1753451,-30000,27.424701787879,33.806533333333
546250.24742495,3740817.3301265,-30000,27.499694141414,33.806533333333
553191.40677557,3740853.5402576,-30000,27.574686494949,33.806533333333
560132.6011219,3740894.8059351,-30000,27.649678848485,33.806533333333
567073.83502975,3740941.1273833,-30000,27.72467120202,33.806533333333
574015.11306505,3740992.5048539,-30000,27.799663555556,33.806533333333
580956.4397931,3741048.938626,-30000,27.874655909091,33.806533333333
587897.81977918,3741110.4290063,-30000,27.949648262626,33.806533333333
594839.25758821,3741176.9763289,-30000,28.024640616162,33.806533333333
601780.75778449,3741248.5809554,-30000,28.099632969697,33.806533333333
608722.32493222,3741325.2432748,-30000,28.174625323232,33.806533333333
615663.96359517,3741406.9637039,-30000,28.249617676768,33.806533333333
622605.67833639,3741493.7426867,-30000,28.324610030303,33.806533333333
629547.47371874,3741585.5806946,-30000,28.399602383838,33.806533333333
636489.35430456,3741682.478227,-30000,28.474594737374,33.806533333333
643431.3246554,3741784.4358102,-30000,28.549587090909,33.806533333333
650373.38933252,3741891.4539985,-30000,28.624579444444,33.806533333333
657315.55289661,3742003.5333735,-30000,28.69957179798,33.806533333333
664257.81990744,3742120.6745442,-30000,28.774564151515,33.806533333333
671200.19492453,3742242.8781474,-30000,28.849556505051,33.806533333333
678142.68250635,3742370.1448473,-30000,28.924548858586,33.806533333333
685085.28721093,3742502.4753357,-30000,28.999541212121,33.806533333333
692028.0135956,3742639.8703317,-30000,29.074533565657,33.806533333333
698970.86621663,3742782.3305823,-30000,29.149525919192,33.806533333333
705913.8496298,3742929.856862,-30000,29.224518272727,33.806533333333
712856.96839007,3743082.4499725,-30000,29.299510626263,33.806533333333
719800.22705127,3743240.1107436,-30000,29.374502979798,33.806533333333
726743.63016664,3743402.8400324,-30000,29.449495333333,33.806533333333
733687.18228855,3743570.6387235,-30000,29.524487686869,33.806533333333
740630.88796811,3743743.5077293,-30000,29.599480040404,33.806533333333
747574.75175579,3743921.4479898,-30000,29.674472393939,33.806533333333
754518.77820108,3744104.4604725,-30000,29.749464747475,33.806533333333
761462.97185214,3744292.5461725,-30000,29.82445710101,33.806533333333
768407.33725641,3744485.7061126,-30000,29.899449454545,33.806533333333
775351.87896024,3744683.9413434,-30000,29.974441808081,33.806533333333
782296.6015086,3744887.2529429,-30000,30.049434161616,33.806533333333
789241.50944571,3745095.6420169,-30000,30.124426515152,33.806533333333
796186.60731427,3745309.1096988,-30000,30.199418868687,33.806533333333
803131.89965605,3745527.6571497,-30000,30.274411222222,33.806533333333
810077.39101164,3745751.2855585,-30000,30.349403575758,33.806533333333
817023.08592009,3745979.9961416,-30000,30.424395929293,33.806533333333
823968.98891947,3746213.7901433,-30000,30.499388282828,33.806533333333
830915.10454655,3746452.6688356,-30000,30.574380636364,33.806533333333
837861.4373365,3746696.6335182,-30000,30.649372989899,33.806533333333
844807.99182339,3746945.6855185,-30000,30.724365343434,33.806533333333
851754.77253995,3747199.8261917,-30000,30.79935769697,33.806533333333
858701.78401719,3747459.0569209,-30000,30.874350050505,33.806533333333
865649.03078496,3747723.3791167,-30000,30.94934240404,33.806533333333
872596.51737165,3747992.7942179,-30000,31.024334757576,33.806533333333
879544.24830388,3748267.3036907,-30000,31.099327111111,33.806533333333
886492.22810702,3748546.9090295,-30000,31.174319464646,33.806533333333
893440.46130489,3748831.6117562,-30000,31.249311818182,33.806533333333
900388.95241943,3749121.4134208,-30000,31.324304171717,33.806533333333
907337.70597137,3749416.3156011,-30000,31.399296525253,33.806533333333
914286.72647941,3749716.3199028,-30000,31.474288878788,33.806533333333
921236.01846088,3750021.4279594,-30000,31.549281232323,33.806533333333
928185.5864314,3750331.6414324,-30000,31.624273585859,33.806533333333
935135.43490459,3750646.9620112,-30000,31.699265939394,33.806533333333
942085.56839261,3750967.3914133,-30000,31.774258292929,33.806533333333
949035.99140582,3751292.9313839,-30000,31.849250646465,33.806533333333
955986.7084525,3751623.5836962,-30000,31.924243,33.806533333333
269168.55032496,3767668.0017925,-30000,24.5,34.024288888889
276094.36933112,3767501.342297,-30000,24.574992353535,34.024288888889
283020.04390968,3767339.7675989,-30000,24.649984707071,34.024288888889
289945.57851708,3767183.2768257,-30000,24.724977060606,34.024288888889
296870.97761098,3767031.8691323,-30000,24.799969414141,34.024288888889
303796.24564989,3766885.5437012,-30000,24.874961767677,34.024288888889
310721.38709291,3766744.2997424,-30000,24.949954121212,34.024288888889
317646.40640028,3766608.1364932,-30000,25.024946474747,34.024288888889
324571.308033,3766477.0532186,-30000,25.099938828283,34.024288888889
331496.09645259,3766351.0492109,-30000,25.174931181818,34.024288888889
338420.77612166,3766230.1237897,-30000,25.249923535354,34.024288888889
345345.35150318,3766114.2763023,-30000,25.324915888889,34.024288888889
352269.82706108,3766003.5061234,-30000,25.399908242424,34.024288888889
359194.20725993,3765897.8126548,-30000,25.47490059596,34.024288888889
366118.49656467,3765797.1953263,-30000,25.549892949495,34.024288888889
373042.69944109,3765701.6535944,-30000,25.62488530303,34.024288888889
379966.82035555,3765611.1869437,-30000,25.699877656566,34.024288888889
386890.86377469,3765525.7948858,-30000,25.774870010101,34.024288888889
393814.83416591,3765445.4769597,-30000,25.849862363636,34.024288888889
400738.7359971,3765370.232732,-30000,25.924854717172,34.024288888889
407662.57373632,3765300.0617966,-30000,25.999847070707,34.024288888889
414586.35185233,3765234.9637746,-30000,26.074839424242,34.024288888889
421510.07481428,3765174.9383149,-30000,26.149831777778,34.024288888889
428433.7470914,3765119.9850934,-30000,26.224824131313,34.024288888889
435357.37315353,3765070.1038135,-30000,26.299816484848,34.024288888889
442280.95747081,3765025.294206,-30000,26.374808838384,34.024288888889
449204.50451339,3764985.5560292,-30000,26.449801191919,34.024288888889
456128.01875201,3764950.8890684,-30000,26.524793545455,34.024288888889
463051.50465728,3764921.2931368,-30000,26.59978589899,34.024288888889
469974.96670026,3764896.7680745,-30000,26.674778252525,34.024288888889
476898.40935217,3764877.3137491,-30000,26.749770606061,34.024288888889
483821.83708406,3764862.9300558,-30000,26.824762959596,34.024288888889
490745.2543674,3764853.6169168,-30000,26.899755313131,34.024288888889
497668.66567368,3764849.374282,-30000,26.974747666667,34.024288888889
504592.07547419,3764850.2021283,-30000,27.049740020202,34.024288888889
511515.48824047,3764856.1004604,-30000,27.124732373737,34.024288888889
518438.90844408,3764867.0693099,-30000,27.199724727273,34.024288888889
525362.34055622,3764883.1087362,-30000,27.274717080808,34.024288888889
532285.78904831,3764904.2188257,-30000,27.349709434343,34.024288888889
539209.25839166,3764930.3996924,-30000,27.424701787879,34.024288888889
546132.75305715,3764961.6514776,-30000,27.499694141414,34.024288888889
553056.2775158,3764997.97435,-30000,27.574686494949,34.024288888889
559979.83623842,3765039.3685055,-30000,27.649678848485,34.024288888889
566903.4336953,3765085.8341676,-30000,27.72467120202,34.024288888889
573827.07435688,3765137.371587,-30000,27.799663555556,34.024288888889
580750.76269292,3765193.9810418,-30000,27.874655909091,34.024288888889
587674.50317316,3765255.6628377,-30000,27.949648262626,34.024288888889
594598.300267,3765322.4173074,-30000,28.024640616162,34.024288888889
601522.15844318,3765394.2448114,-30000,28.099632969697,34.024288888889
608446.08217033,3765471.1457371,-30000,28.174625323232,34.024288888889
615370.07591664,3765553.1204998,-30000,28.249617676768,34.024288888889
622294.14414956,3765640.1695419,-30000,28.324610030303,34.024288888889
629218.29133635,3765732.2933332,-30000,28.399602383838,34.024288888889
636142.52194374,3765829.4923709,-30000,28.474594737374,34.024288888889
643066.84043762,3765931.7671798,-30000,28.549587090909,34.024288888889
649991.25128362,3766039.1183118,-30000,28.624579444444,34.024288888889
656915.75894674,3766151.5463466,-30000,28.69957179798,34.024288888889
663840.36789106,3766269.051891,-30000,28.774564151515,34.024288888889
670765.08258038,3766391.6355793,-30000,28.849556505051,34.024288888889
677689.90747745,3766519.2980733,-30000,28.924548858586,34.024288888889
684614.84704454,3766652.0400622,-30000,28.999541212121,34.024288888889
691539.9057432,3766789.8622627,-30000,29.074533565657,34.024288888889
698465.08803391,3766932.7654188,-30000,29.149525919192,34.024288888889
705390.39837662,3767080.7503022,-30000,29.224518272727,34.024288888889
712315.84123043,3767233.8177118,-30000,29.299510626263,34.024288888889
719241.42105331,3767391.9684742,-30000,29.374502979798,34.024288888889
726167.1423026,3767555.2034434,-30000,29.449495333333,34.024288888889
733093.00943472,3767723.5235007,-30000,29.524487686869,34.024288888889
740019.02690485,3767896.9295552,-30000,29.599480040404,34.024288888889
746945.19916746,3768075.4225434,-30000,29.674472393939,34.024288888889
753871.530676,3768259.0034291,-30000,29.749464747475,34.024288888889
760798.02588263,3768447.673204,-30000,29.82445710101,34.024288888889
767724.68923867,3768641.432887,-30000,29.899449454545,34.024288888889
774651.52519436,3768840.2835248,-30000,29.974441808081,34.024288888889
781578.53819854,3769044.2261914,-30000,30.049434161616,34.024288888889
788505.73269924,3769253.2619884,-30000,30.124426515152,34.024288888889
795433.11314293,3769467.3920453,-30000,30.199418868687,34.024288888889
802360.68397515,3769686.6175187,-30000,30.274411222222,34.024288888889
809288.44964018,3769910.9395931,-30000,30.349403575758,34.024288888889
816216.41458076,3770140.3594805,-30000,30.424395929293,34.024288888889
823144.58323857,3770374.8784205,-30000,30.499388282828,34.024288888889
830072.96005399,3770614.4976804,-30000,30.574380636364,34.024288888889
837001.54946572,3770859.2185551,-30000,30.649372989899,34.024288888889
843930.35591137,3771109.042367,-30000,30.724365343434,34.024288888889
850859.38382711,3771363.9704664,-30000,30.79935769697,34.024288888889
857788.63764739,3771624.004231,-30000,30.874350050505,34.024288888889
864718.12180544,3771889.1450665,-30000,30.94934240404,34.024288888889
871647.84073298,3772159.394406,-30000,31.024334757576,34.024288888889
878577.79885991,3772434.7537106,-30000,31.099327111111,34.024288888889
885508.00061486,3772715.2244687,-30000,31.174319464646,34.024288888889
892438.45042483,3773000.8081969,-30000,31.249311818182,34.024288888889
899369.15271492,3773291.5064392,-30000,31.324304171717,34.024288888889
906300.11190894,3773587.3207676,-30000,31.399296525253,34.024288888889
913231.33242865,3773888.2527818,-30000,31.474288878788,34.024288888889
920162.81869437,3774194.3041091,-30000,31.549281232323,34.024288888889
927094.57512466,3774505.4764048,-30000,31.624273585859,34.024288888889
934026.60613604,3774821.7713521,-30000,31.699265939394,34.024288888889
940958.91614349,3775143.1906618,-30000,31.774258292929,34.024288888889
947891.50956016,3775469.7360728,-30000,31.849250646465,34.024288888889
954824.39079706,3775801.4093516,-30000,31.924243,34.024288888889
269760.28668698,3791821.4083761,-30000,24.5,34.242044444444
276668.32162409,3791654.2422569,-30000,24.574992353535,34.242044444444
283576.21522236,3791492.1763278,-30000,24.649984707071,34.242044444444
290483.97184243,3791335.2097197,-30000,24.724977060606,34.242044444444
297391.59584617,3791183.3415908,-30000,24.799969414141,34.242044444444
304299.09159635,3791036.5711267,-30000,24.874961767677,34.242044444444
311206.46345635,3790894.8975404,-30000,24.949954121212,34.242044444444
318113.71579069,3790758.320072,-30000,25.024946474747,34.242044444444
325020.85296471,3790626.8379894,-30000,25.099938828283,34.242044444444
331927.87934426,3790500.4505875,-30000,25.174931181818,34.242044444444
338834.79929633,3790379.1571887,-30000,25.249923535354,34.242044444444
345741.61718827,3790262.9571425,-30000,25.324915888889,34.242044444444
352648.33738841,3790151.8498262,-30000,25.399908242424,34.242044444444
359554.96426576,3790045.8346438,-30000,25.47490059596,34.242044444444
366461.5021897,3789944.9110271,-30000,25.549892949495,34.242044444444
373367.95553047,3789849.0784351,-30000,25.62488530303,34.242044444444
380274.32865894,3789758.3363539,-30000,25.699877656566,34.242044444444
387180.62594621,3789672.6842972,-30000,25.774870010101,34.242044444444
394086.8517642,3789592.1218057,-30000,25.849862363636,34.242044444444
400993.01048534,3789516.6484477,-30000,25.924854717172,34.242044444444
407899.10648221,3789446.2638184,-30000,25.999847070707,34.242044444444
414805.14412812,3789380.9675408,-30000,26.074839424242,34.242044444444
421711.12779677,3789320.7592646,-30000,26.149831777778,34.242044444444
428617.06186198,3789265.6386673,-30000,26.224824131313,34.242044444444
435522.95069817,3789215.6054533,-30000,26.299816484848,34.242044444444
442428.79868006,3789170.6593544,-30000,26.374808838384,34.242044444444
449334.61018239,3789130.8001299,-30000,26.449801191919,34.242044444444
456240.38958053,3789096.0275659,-30000,26.524793545455,34.242044444444
463146.14124967,3789066.3414762,-30000,26.59978589899,34.242044444444
470051.86956551,3789041.7417015,-30000,26.674778252525,34.242044444444
476957.57890388,3789022.2281102,-30000,26.749770606061,34.242044444444
483863.27364046,3789007.8005975,-30000,26.824762959596,34.242044444444
490768.95815134,3788998.4590861,-30000,26.899755313131,34.242044444444
497674.63681264,3788994.2035261,-30000,26.974747666667,34.242044444444
504580.31400029,3788995.0338945,-30000,27.049740020202,34.242044444444
511485.99409045,3789000.9501958,-30000,27.124732373737,34.242044444444
518391.68145931,3789011.9524617,-30000,27.199724727273,34.242044444444
525297.38048272,3789028.0407513,-30000,27.274717080808,34.242044444444
532203.0955367,3789049.2151506,-30000,27.349709434343,34.242044444444
539108.83099719,3789075.4757733,-30000,27.424701787879,34.242044444444
546014.59123971,3789106.8227601,-30000,27.499694141414,34.242044444444
552920.38063986,3789143.2562789,-30000,27.574686494949,34.242044444444
559826.20357308,3789184.7765252,-30000,27.649678848485,34.242044444444
566732.06441426,3789231.3837213,-30000,27.72467120202,34.242044444444
573637.96753843,3789283.0781172,-30000,27.799663555556,34.242044444444
580543.91731995,3789339.8599899,-30000,27.874655909091,34.242044444444
587449.91813313,3789401.7296438,-30000,27.949648262626,34.242044444444
594355.97435192,3789468.6874105,-30000,28.024640616162,34.242044444444
601262.09034964,3789540.733649,-30000,28.099632969697,34.242044444444
608168.27049945,3789617.8687454,-30000,28.174625323232,34.242044444444
615074.51917408,3789700.0931133,-30000,28.249617676768,34.242044444444
621980.8407455,3789787.4071933,-30000,28.324610030303,34.242044444444
628887.23958547,3789879.8114536,-30000,28.399602383838,34.242044444444
635793.72006521,3789977.3063895,-30000,28.474594737374,34.242044444444
642700.2865551,3790079.8925238,-30000,28.549587090909,34.242044444444
649606.94342519,3790187.5704063,-30000,28.624579444444,34.242044444444
656513.69504495,3790300.3406143,-30000,28.69957179798,34.242044444444
663420.54578286,3790418.2037525,-30000,28.774564151515,34.242044444444
670327.50000715,3790541.1604528,-30000,28.849556505051,34.242044444444
677234.56208491,3790669.2113744,-30000,28.924548858586,34.242044444444
684141.7363828,3790802.357204,-30000,28.999541212121,34.242044444444
691049.0272667,3790940.5986553,-30000,29.074533565657,34.242044444444
697956.4391014,3791083.9364698,-30000,29.149525919192,34.242044444444
704863.97625113,3791232.371416,-30000,29.224518272727,34.242044444444
711771.64307929,3791385.9042899,-30000,29.299510626263,34.242044444444
718679.44394806,3791544.5359149,-30000,29.374502979798,34.242044444444
725587.38321901,3791708.2671416,-30000,29.449495333333,34.242044444444
732495.46525273,3791877.0988482,-30000,29.524487686869,34.242044444444
739403.69440857,3792051.0319402,-30000,29.599480040404,34.242044444444
746312.07504514,3792230.0673505,-30000,29.674472393939,34.242044444444
753220.61151999,3792414.2060393,-30000,29.749464747475,34.242044444444
760129.30818932,3792603.4489944,-30000,29.82445710101,34.242044444444
767038.16940852,3792797.7972309,-30000,29.899449454545,34.242044444444
773947.19953183,3792997.2517913,-30000,29.974441808081,34.242044444444
780856.40291205,3793201.8137457,-30000,30.049434161616,34.242044444444
787765.78390116,3793411.4841916,-30000,30.124426515152,34.242044444444
794675.34684954,3793626.2642537,-30000,30.199418868687,34.242044444444
801585.09610659,3793846.1550847,-30000,30.274411222222,34.242044444444
808495.03602043,3794071.1578642,-30000,30.349403575758,34.242044444444
815405.17093757,3794301.2737996,-30000,30.424395929293,34.242044444444
822315.50520348,3794536.5041259,-30000,30.499388282828,34.242044444444
829226.04316223,3794776.8501054,-30000,30.574380636364,34.242044444444
836136.78915621,3795022.313028,-30000,30.649372989899,34.242044444444
843047.74752667,3795272.8942111,-30000,30.724365343434,34.242044444444
849958.92261337,3795528.5949997,-30000,30.79935769697,34.242044444444
856870.3187543,3795789.4167663,-30000,30.874350050505,34.242044444444
863781.94028621,3796055.3609111,-30000,30.94934240404,34.242044444444
870693.79154428,3796326.4288618,-30000,31.024334757576,34.242044444444
877605.87686185,3796602.6220736,-30000,31.099327111111,34.242044444444
884518.20057089,3796883.9420295,-30000,31.174319464646,34.242044444444
891430.76700174,3797170.39024,-30000,31.249311818182,34.242044444444
898343.58048277,3797461.9682432,-30000,31.324304171717,34.242044444444
905256.64534105,3797758.6776049,-30000,31.399296525253,34.242044444444
912169.96590148,3798060.5199187,-30000,31.474288878788,34.242044444444
919083.54648754,3798367.4968057,-30000,31.549281232323,34.242044444444
925997.39142085,3798679.6099147,-30000,31.624273585859,34.242044444444
932911.50502096,3798996.8609222,-30000,31.699265939394,34.242044444444
939825.89160583,3799319.2515327,-30000,31.774258292929,34.242044444444
946740.55549153,3799646.783478,-30000,31.849250646465,34.242044444444
953655.50099193,3799979.4585179,-30000,31.924243,34.242044444444
270355.35338462,3815975.5108862,-30000,24.5,34.4598
277245.50439572,3815807.8477935,-30000,24.574992353535,34.4598
284135.51715279,3815645.2999888,-30000,24.649984707071,34.4598
291025.39592078,3815487.8666063,-30000,24.724977060606,34.4598
297915.14496592,3815335.5468075,-30000,24.799969414141,34.4598
304804.76855536,3815188.3397812,-30000,24.874961767677,34.4598
311694.27095688,3815046.2447435,-30000,24.949954121212,34.4598
318583.65643941,3814909.2609378,-30000,25.024946474747,34.4598
325472.92927274,3814777.3876344,-30000,25.099938828283,34.4598
332362.09372721,3814650.6241314,-30000,25.174931181818,34.4598
339251.15407427,3814528.9697535,-30000,25.249923535354,34.4598
346140.11458581,3814412.4238532,-30000,25.324915888889,34.4598
353028.97953467,3814300.9858098,-30000,25.399908242424,34.4598
359917.75319443,3814194.65503,-30000,25.47490059596,34.4598
366806.439839,3814093.4309476,-30000,25.549892949495,34.4598
373695.04374325,3813997.3130239,-30000,25.62488530303,34.4598
380583.56918262,3813906.3007469,-30000,25.699877656566,34.4598
387472.02043284,3813820.3936322,-30000,25.774870010101,34.4598
394360.40177046,3813739.5912224,-30000,25.849862363636,34.4598
401248.71747254,3813663.8930874,-30000,25.924854717172,34.4598
408136.97181634,3813593.2988242,-30000,25.999847070707,34.4598
415025.16907983,3813527.8080569,-30000,26.074839424242,34.4598
421913.3135414,3813467.420437,-30000,26.149831777778,34.4598
428801.40947954,3813412.135643,-30000,26.224824131313,34.4598
435689.46117338,3813361.9533806,-30000,26.299816484848,34.4598
442577.47290235,3813316.8733826,-30000,26.374808838384,34.4598
449465.44894593,3813276.8954091,-30000,26.449801191919,34.4598
456353.39358418,3813242.0192472,-30000,26.524793545455,34.4598
463241.31109705,3813212.2447115,-30000,26.59978589899,34.4598
470129.20576495,3813187.5716432,-30000,26.674778252525,34.4598
477017.08186846,3813167.9999112,-30000,26.749770606061,34.4598
483904.94368802,3813153.5294112,-30000,26.824762959596,34.4598
490792.79550444,3813144.1600662,-30000,26.899755313131,34.4598
497680.64159862,3813139.8918263,-30000,26.974747666667,34.4598
504568.4862512,3813140.7246689,-30000,27.049740020202,34.4598
511456.33374314,3813146.6585983,-30000,27.124732373737,34.4598
518344.18835534,3813157.6936461,-30000,27.199724727273,34.4598
525232.05436841,3813173.8298711,-30000,27.274717080808,34.4598
532119.93606313,3813195.0673592,-30000,27.349709434343,34.4598
539007.83772016,3813221.4062234,-30000,27.424701787879,34.4598
545895.76361978,3813252.8466039,-30000,27.499694141414,34.4598
552783.71804231,3813289.388668,-30000,27.574686494949,34.4598
559671.70526793,3813331.0326104,-30000,27.649678848485,34.4598
566559.72957624,3813377.7786526,-30000,27.72467120202,34.4598
573447.795247,3813429.6270435,-30000,27.799663555556,34.4598
580335.90655926,3813486.5780591,-30000,27.874655909091,34.4598
587224.06779204,3813548.6320025,-30000,27.949648262626,34.4598
594112.28322399,3813615.7892042,-30000,28.024640616162,34.4598
601000.55713307,3813688.0500215,-30000,28.099632969697,34.4598
607888.89379714,3813765.4148392,-30000,28.174625323232,34.4598
614777.29749357,3813847.8840692,-30000,28.249617676768,34.4598
621665.77249898,3813935.4581504,-30000,28.324610030303,34.4598
628554.32308974,3814028.1375492,-30000,28.399602383838,34.4598
635442.95354169,3814125.9227589,-30000,28.474594737374,34.4598
642331.66812981,3814228.8143001,-30000,28.549587090909,34.4598
649220.47112873,3814336.8127206,-30000,28.624579444444,34.4598
656109.36681246,3814449.9185956,-30000,28.69957179798,34.4598
662998.35945406,3814568.132527,-30000,28.774564151515,34.4598
669887.45332625,3814691.4551445,-30000,28.849556505051,34.4598
676776.65270065,3814819.8871047,-30000,28.924548858586,34.4598
683665.96184839,3814953.4290914,-30000,28.999541212121,34.4598
690555.38503982,3815092.0818157,-30000,29.074533565657,34.4598
697444.92654416,3815235.8460161,-30000,29.149525919192,34.4598
704334.59063007,3815384.722458,-30000,29.224518272727,34.4598
711224.38156531,3815538.7119343,-30000,29.299510626263,34.4598
718114.30361647,3815697.8152652,-30000,29.374502979798,34.4598
725004.36104944,3815862.033298,-30000,29.449495333333,34.4598
731894.55812912,3816031.3669072,-30000,29.524487686869,34.4598
738784.89911916,3816205.8169949,-30000,29.599480040404,34.4598
745675.38828242,3816385.3844903,-30000,29.674472393939,34.4598
752566.02988067,3816570.0703498,-30000,29.749464747475,34.4598
759456.82817434,3816759.8755572,-30000,29.82445710101,34.4598
766347.78742296,3816954.8011236,-30000,29.899449454545,34.4598
773238.91188492,3817154.8480876,-30000,29.974441808081,34.4598
780130.20581712,3817360.0175147,-30000,30.049434161616,34.4598
787021.67347561,3817570.3104983,-30000,30.124426515152,34.4598
793913.31911481,3817785.7281586,-30000,30.199418868687,34.4598
800805.14698811,3818006.2716436,-30000,30.274411222222,34.4598
807697.16134761,3818231.9421283,-30000,30.349403575758,34.4598
814589.36644375,3818462.7408155,-30000,30.424395929293,34.4598
821481.76652587,3818698.6689349,-30000,30.499388282828,34.4598
828374.36584192,3818939.7277441,-30000,30.574380636364,34.4598
835267.16863809,3819185.9185276,-30000,30.649372989899,34.4598
842160.1791594,3819437.2425978,-30000,30.724365343434,34.4598
849053.40164934,3819693.7012943,-30000,30.79935769697,34.4598
855946.8403496,3819955.2959841,-30000,30.874350050505,34.4598
862840.49950058,3820222.0280617,-30000,30.94934240404,34.4598
869734.38334105,3820493.8989492,-30000,31.024334757576,34.4598
876628.49610792,3820770.910096,-30000,31.099327111111,34.4598
883522.84203666,3821053.0629791,-30000,31.174319464646,34.4598
890417.4253611,3821340.359103,-30000,31.249311818182,34.4598
897312.25031303,3821632.7999997,-30000,31.324304171717,34.4598
904207.32112286,3821930.3872288,-30000,31.399296525253,34.4598
911102.64201886,3822233.1223773,-30000,31.474288878788,34.4598
917998.21722775,3822541.0070599,-30000,31.549281232323,34.4598
924894.0509744,3822854.0429188,-30000,31.624273585859,34.4598
931790.14748152,3823172.2316239,-30000,31.699265939394,34.4598
938686.5109702,3823495.5748725,-30000,31.774258292929,34.4598
945583.14565957,3823824.0743897,-30000,31.849250646465,34.4598
952480.05576653,3824157.7319282,-30000,31.924243,34.4598
